[0.010148468333020109,
 0.3337509657750214,
 0.46060681993777275,
 0.5389546659984548,
 0.6140658606360542,
 0.6777130447493162,
 0.7120424314560755,
 0.7219612019461672,
 0.774269665267598,
 0.7506107874459688,
 0.7814947065088016,
 0.8189354549061371,
 0.833573471987304,
 0.8344296184927645,
 0.8382091920900415,
 0.8518866545553259,
 0.8660652759506359,
 0.8734991334126835,
 0.8783436697362651,
 0.871557142558834,
 0.8823947044206394,
 0.8923552381548999,
 0.8955501263338136,
 0.8937125435903861,
 0.9000605567040447,
 0.8927519889745036,
 0.8791789346196413,
 0.8890141786213953,
 0.8880327423834283,
 0.8983900269372925,
 0.8974294723214099,
 0.9069932552360668,
 0.8977218150305916,
 0.9026289962204264,
 0.8954665998454759,
 0.9062206352189438,
 0.9131950969951346,
 0.9070141368581511,
 0.9030883919062833,
 0.9047171584288668,
 0.8993088183090062,
 0.9125477667105181,
 0.9078494017415273,
 0.9153667856919125,
 0.9146985737852117,
 0.9098749190837144,
 0.9125895299546869,
 0.9150117981164777,
 0.9101881434149804,
 0.9017519680928815,
 0.9085176136482281,
 0.9139468353901731,
 0.9077032303869365,
 0.9155756019127566,
 0.9144479943201987,
 0.9141138883668484,
 0.9094990498861951,
 0.906283280085197,
 0.8979723944956044,
 0.9129445175301217,
 0.9061162271085218,
 0.9141974148551859,
 0.8971371296122282,
 0.9131533337509657,
 0.9052183173588925,
 0.9086011401365658,
 0.9076197038985988,
 0.8934410825032889,
 0.9010837561861805,
 0.8971371296122282,
 0.8982647372047861,
 0.8863830942387605,
 0.8752531896677734,
 0.8598843158136524,
 0.8435340057215645,
 0.6762513312034079,
 0.48959051139092485,
 0.8541418697404415,
 0.8969283133913842,
 0.9053644887134833,
 0.9134456764601474,
 0.9125686483326024,
 0.915805299755685,
 0.9160767608427822,
 0.9165361565286392,
 0.9179143435862098,
 0.9229885777527198,
 0.9218818517822465,
 0.9227588799097914,
 0.9232391572177326,
 0.9240117772348556,
 0.92403265885694,
 0.9248052788740629,
 0.9275407713671198,
 0.9286474973375932,
 0.9293992357326317,
 0.9284804443609179,
 0.9312368184760592,
 0.9295245254651381,
 0.9237820793919271,
 0.9295245254651381,
 0.932260017958195,
 0.9337217315041032,
 0.9296915784418134,
 0.9308191860343712,
 0.9273946000125289,
 0.9294201173547161,
 0.935058155317505,
 0.9297751049301509,
 0.932468834179039,
 0.9368748564388482,
 0.9317170957840005,
 0.9345778780095638,
 0.9354340245150243,
 0.9331996909519932,
 0.9323226628244482,
 0.9347658126083234,
 0.9350999185616738,
 0.9319676752490134,
 0.9336382050157657,
 0.9324479525569547,
 0.9334085071728372,
 0.9358934202008812,
 0.9315709244294097,
 0.9329491114869803,
 0.9346196412537325,
 0.9349746288291675,
 0.9352669715383491,
 0.9288771951805216,
 0.934953747207083,
 0.9366242769738353,
 0.933450270417006,
 0.935162563427927,
 0.9292530643780409,
 0.932051201737351,
 0.9342437720562133,
 0.9330744012194867,
 0.9244294096765436,
 0.9297751049301509,
 0.9353296164046023,
 0.935517551003362,
 0.9301509741276702,
 0.9353922612708555,
 0.9331579277078244,
 0.9308191860343712,
 0.9260790578212116,
 0.9254108459145106,
 0.9234897366827455,
 0.9296706968197289,
 0.9224038923343565,
 0.9180187516966318,
 0.8982647372047861,
 0.6429033807346155,
 0.919376057132118,
 0.9331579277078244,
 0.9337426131261877,
 0.9363945791309068,
 0.9359769466892188,
 0.9378771742988995,
 0.9393806510889766,
 0.9391718348681326,
 0.9390256635135418,
 0.9401115078619308,
 0.9423249598028774,
 0.9408632462569693,
 0.9424920127795527,
 0.9410511808557289,
 0.9440372528137986,
 0.9434943306396041,
 0.9425755392678903,
 0.9423667230470463,
 0.9424502495353839,
 0.9422205516924554,
 0.9423040781807931,
 0.9440163711917142,
 0.9445175301217399,
 0.9414688132974169,
 0.9421996700703711,
 0.9437657917267013,
 0.9434943306396041,
 0.9445384117438242,
 0.9440372528137986,
 0.9444966484996554,
 0.9449769258075967,
 0.9461045334001545,
 0.9447054647204995,
 0.9460001252897325,
 0.9431602246862536,
 0.9456451377142977,
 0.9449769258075967,
 0.9446637014763307,
 0.9433063960408444,
 0.9459165988013949,
 0.9456451377142977,
 0.9425964208899748,
 0.9457077825805509,
 0.9450604522959344,
 0.9449769258075967,
 0.9440998976800518,
 0.9482135772306792,
 0.9442460690346426,
 0.9463342312430829,
 0.9461880598884921,
 0.9458121906909729,
 0.9440998976800518,
 0.9449978074296811,
 0.9474409572135564,
 0.9450604522959344,
 0.9439119630812921,
 0.9440581344358829,
 0.9424920127795527,
 0.9446845830984151,
 0.9380233456534903,
 0.9456660193363821,
 0.9464177577314206,
 0.9411973522103197,
 0.9429931717095784,
 0.9433899225291821,
 0.9476915366785692,
 0.9438284365929546,
 0.9407588381465473,
 0.9429305268433252,
 0.9422414333145399,
 0.9389212554031197,
 0.9424293679132995,
 0.9352878531604335,
 0.9295036438430537,
 0.9233853285723235,
 0.8544550940717075,
 0.9389630186472885,
 0.9440163711917142,
 0.9445175301217399,
 0.9445384117438242,
 0.9441834241683894,
 0.9472112593706279,
 0.946438639353505,
 0.9448725176971747,
 0.9479003528994132,
 0.948046524254004,
 0.9463342312430829,
 0.9492785399569839,
 0.9488400258932114,
 0.9481091691202572,
 0.9485268015619454,
 0.9477750631669069,
 0.948819144271127,
 0.9495082377999123,
 0.948150932364426,
 0.9478794712773289,
 0.9479838793877509,
 0.9496335275324187,
 0.9506984902587233,
 0.9483597485852701,
 0.9479212345214977,
 0.9475036020798095,
 0.9493829480674059,
 0.9489861972478022,
 0.9495708826661655,
 0.9499885151078535,
 0.9511578859445802,
 0.9496335275324187,
 0.9494873561778279,
 0.9499258702416004,
 0.9499885151078535,
 0.9491114869803087,
 0.9470650880160371,
 0.9471903777485435,
 0.9480256426319197,
 0.9511161227004113,
 0.9492158950907307,
 0.9472739042368811,
 0.9506776086366389,
 0.9498214621311784,
 0.9472739042368811,
 0.9469397982835307,
 0.9506149637703857,
 0.9490070788698867,
 0.9475036020798095,
 0.9496126459103343,
 0.9484641566956922,
 0.9494038296894903,
 0.9507820167470609,
 0.9502599761949508,
 0.9504061475495417,
 0.9476497734344004,
 0.9482344588527637,
 0.9484015118294389,
 0.9475871285681472,
 0.9481926956085949,
 0.9459792436676481,
 0.948714736160705,
 0.948255340474848,
 0.950009396729938,
 0.9491114869803087,
 0.9462298231326609,
 0.9490906053582242,
 0.9477959447889912,
 0.9474200755914719,
 0.9492785399569839,
 0.946647455574349,
 0.9448725176971747,
 0.9438284365929546,
 0.9428470003549876,
 0.9443087139008958,
 0.9036521957025622,
 0.9426799473783124,
 0.9490070788698867,
 0.9489026707594646,
 0.9486729729165362,
 0.9487982626490425,
 0.950531437282048,
 0.9511161227004113,
 0.9503643843053728,
 0.9514502286537618,
 0.9520975589383783,
 0.9511370043224958,
 0.951199649188749,
 0.952494309757982,
 0.9517425713629435,
 0.9523272567813068,
 0.9529119421996701,
 0.9518469794733655,
 0.9530372319321765,
 0.9519513875837875,
 0.9508655432353985,
 0.9522228486708848,
 0.9514711102758462,
 0.9527448892229948,
 0.952285493537138,
 0.9513875837875087,
 0.9518052162291967,
 0.9521184405604627,
 0.951512873520015,
 0.9518052162291967,
 0.9530581135542608,
 0.952703125978826,
 0.951617281630437,
 0.9517634529850278,
 0.9517843346071123,
 0.9515964000083527,
 0.9514293470316775,
 0.9517425713629435,
 0.9507193718808077,
 0.950990832967905,
 0.951721689740859,
 0.950990832967905,
 0.9511161227004113,
 0.9519513875837875,
 0.9514711102758462,
 0.9522228486708848,
 0.9516590448746058,
 0.9524525465138132,
 0.9511161227004113,
 0.950322621061204,
 0.952285493537138,
 0.9525151913800664,
 0.9530372319321765,
 0.9525569546242352,
 0.9524316648917288,
 0.9522019670488003,
 0.9508237799912297,
 0.952494309757982,
 0.9519513875837875,
 0.9493829480674059,
 0.950990832967905,
 0.9506984902587233,
 0.9522228486708848,
 0.9507402535028922,
 0.952285493537138,
 0.9526195994904885,
 0.9508446616133142,
 0.9510534778341582,
 0.9506776086366389,
 0.9525569546242352,
 0.9538098519492995,
 0.9494247113115747,
 0.9513667021654242,
 0.9497796988870095,
 0.9496335275324187,
 0.9507611351249765]