[0.024584125014541082,
 0.8332040792585986,
 0.8332040792585986,
 0.8332040792585986,
 0.8332040792585986,
 0.8332040792585986,
 0.8332040792585986,
 0.8348714568226764,
 0.8332040792585986,
 0.8487339563379735,
 0.8557912288184885,
 0.8542789561440924,
 0.8552095854821823,
 0.8382449881732522,
 0.842936911086122,
 0.8368296560549071,
 0.8419287293031913,
 0.8443716313156773,
 0.8624801271860095,
 0.8590484315018031,
 0.8544146729225639,
 0.8497421381209043,
 0.8296366667959207,
 0.8431307921982241,
 0.8421613866377138,
 0.8599596727286828,
 0.8236457404319671,
 0.8400480825158013,
 0.8439450928690527,
 0.8385358098414053,
 0.8439450928690527,
 0.8434603900887976,
 0.8599402846174725,
 0.856586141378107,
 0.8631974873007872,
 0.8654658963123812,
 0.8686067703284346,
 0.8684128892163325,
 0.8679281864360774,
 0.8687812633293265,
 0.8654465082011711,
 0.8644383264182404,
 0.8654852844235914,
 0.8667067354298345,
 0.8541820155880414,
 0.8534646554732638,
 0.8532513862499516,
 0.8632944278568382,
 0.8689169801077979,
 0.868083291325759,
 0.8669200046531467,
 0.8530381170266392,
 0.8522432044670208,
 0.8731435883516228,
 0.862712784520532,
 0.8625964558532708,
 0.8560820504866415,
 0.8598239559502113,
 0.8671526619876692,
 0.8637597425258832,
 0.8623637985187483,
 0.8600178370623134,
 0.8767110008143006,
 0.8768661057039823,
 0.8796386056070418,
 0.8809957733917562,
 0.8831090775136686,
 0.8834580635154523,
 0.8836713327387646,
 0.8807631160572337,
 0.8723098995695839,
 0.8701190430028307,
 0.8704874171158246,
 0.8861336228624608,
 0.8881112102059018,
 0.8740936058009229,
 0.8677730815463958,
 0.8786885881577416,
 0.8665904067625732,
 0.8712629415642328,
 0.8826437628446236,
 0.8611811237349257,
 0.8800263678312459,
 0.8778355112644927,
 0.8772538679281864,
 0.8797355461630928,
 0.8642056690837179,
 0.8731242002404126,
 0.872406840125635,
 0.8803947419442398,
 0.8791151266043662,
 0.8762262980340455,
 0.8742680988018148,
 0.8836325565163442,
 0.8897979758811897,
 0.8904571716623366,
 0.8913684128892163,
 0.8906510527744387,
 0.8911745317771143,
 0.8924347590057776,
 0.8898173639923999,
 0.8782038853774865,
 0.886540773197875,
 0.8896234828802978,
 0.897553220365272,
 0.890495947884757,
 0.8768467175927721,
 0.8925898638954594,
 0.8846213501880646,
 0.884369304742332,
 0.8917949513358409,
 0.8744425918027066,
 0.880317189499399,
 0.882760091511885,
 0.8808600566132847,
 0.8839815425181279,
 0.8813253712823297,
 0.8736476792430882,
 0.8787661406025825,
 0.8817712978401644,
 0.8842141998526504,
 0.8874714025359649,
 0.8904571716623366,
 0.8902826786614448,
 0.8928225212299817,
 0.8930745666757145,
 0.8944898987940595,
 0.896331769359029,
 0.8980573112567374,
 0.8981930280352088,
 0.8943347939043779,
 0.8900500213269223,
 0.8901857381053938,
 0.8920082205591531,
 0.900093062933809,
 0.8976307728101128,
 0.8880918220946915,
 0.8912908604443756,
 0.889933692659661,
 0.8932878358990267,
 0.8924735352281981,
 0.8850091124122688,
 0.8839233781844973,
 0.8878203885377487,
 0.8813253712823297,
 0.8843305285199116,
 0.8846601264104851,
 0.8779518399317539,
 0.8780293923765947,
 0.8863662801969832]
