[0.012138485278719618,
 0.006275698073676162,
 0.0042423046265758855,
 0.003301845937789939,
 0.0026765126758231243,
 0.0023348884794208184,
 0.002207271426311849,
 0.00211412376205343,
 0.0018204627346416473,
 0.001889139317373889,
 0.0016624239930909616,
 0.0015134056370616142,
 0.0014419327720387666,
 0.0013650802178552044,
 0.0013140649522607201,
 0.001280074496544939,
 0.0011592246877534513,
 0.0011327801988603237,
 0.0010670624822256805,
 0.001145459678413082,
 0.0010360779537535566,
 0.001050160048627249,
 0.0010129330211205592,
 0.0009572403255543817,
 0.000919537677526718,
 0.0010889097825730447,
 0.001073049554030449,
 0.0010030147809722816,
 0.0009722001936952027,
 0.0009116661367145747,
 0.0009169624090573073,
 0.0008984214274194087,
 0.0009564090240954825,
 0.0009374637414599125,
 0.0009514048554608601,
 0.000837200930645343,
 0.0008658657311402454,
 0.00088037842193378,
 0.0008803301463286152,
 0.0009454319218519439,
 0.0009205923930982665,
 0.0007800530541844017,
 0.0008650128276805793,
 0.0008398526521626104,
 0.0008844181529020232,
 0.0009317716055453669,
 0.0009117001138762729,
 0.0008910927277353732,
 0.0009145533836413894,
 0.000926364997585846,
 0.0009287654390193492,
 0.0008430650374543314,
 0.0009648292368707814,
 0.0008492046705890716,
 0.0007995917567626485,
 0.0009124259820507485,
 0.000948768789668797,
 0.0010018783593427221,
 0.0009958568308780535,
 0.0009404889251771156,
 0.0008895485779873131,
 0.0010164475260630427,
 0.0009691373281403806,
 0.0008245949073544687,
 0.0010162332918050058,
 0.0010125610070612027,
 0.0010133676758168767,
 0.0010948959713045505,
 0.0010928204093504869,
 0.0011555527347066523,
 0.001194615863823229,
 0.0012803203008276906,
 0.0013639067684472219,
 0.0016977183652881513,
 0.002060218414860735,
 0.004090891744894877,
 0.011518402629727153,
 0.0014818314465311654,
 0.001061432586173479,
 0.0009541499089227865,
 0.0008573121584331268,
 0.0008259903130885487,
 0.000781708543975075,
 0.0007877219598653603,
 0.0007395478838551363,
 0.00073298672543786,
 0.0007154030767405468,
 0.0006971336317295375,
 0.0006977046397208829,
 0.0006739372260069334,
 0.0006705239533720881,
 0.0006640007972876599,
 0.0006737476459221904,
 0.0006308247532433612,
 0.0006321853634638473,
 0.0006596386590094875,
 0.0006465794109686291,
 0.0006120137487740005,
 0.0006125937673486918,
 0.0006539827259871005,
 0.0006129193562738815,
 0.0005944920682959877,
 0.0005894082332598856,
 0.0006030936692357399,
 0.0006092238941241217,
 0.0006327246318480508,
 0.0006108490750232491,
 0.000579796924547054,
 0.0006495087099811149,
 0.0006006337230399551,
 0.000573376973838466,
 0.0006275263809486167,
 0.0005818968780550198,
 0.0005810481696600913,
 0.0005817805242846127,
 0.0005749327076220981,
 0.0005736917518061389,
 0.000583817414599772,
 0.0005960679371146022,
 0.0005938495528404481,
 0.0005951030121710104,
 0.0006131801255057123,
 0.0006015613899464153,
 0.0006030529769210897,
 0.0005819046819582699,
 0.000576627442675904,
 0.0005794215427985077,
 0.0006364451669930252,
 0.0006571914766139945,
 0.000594040210473714,
 0.0005742331869559039,
 0.0005956602187976547,
 0.0006030741868597315,
 0.0006488921141882838,
 0.0006087473472785874,
 0.0006006955148312992,
 0.0005978033632384167,
 0.0007160979922325743,
 0.0006602885716816127,
 0.0005947730005672386,
 0.0006413292217947655,
 0.000637085558778721,
 0.0005854786575909693,
 0.0005867831893921018,
 0.0006550457871921845,
 0.0007261695507641174,
 0.0007146077930333583,
 0.0007802574828442281,
 0.0006493178650292783,
 0.0007524387421467874,
 0.0008776660172897332,
 0.0009385560084928655,
 0.004954193282076101,
 0.0009529033726003345,
 0.0006744974784273162,
 0.0006319045274967454,
 0.0006050739775184113,
 0.0005913827429126122,
 0.0005656041421341422,
 0.0005646171643183399,
 0.0005380443720057438,
 0.0005466961779008244,
 0.0005289872479295897,
 0.000528229269555916,
 0.0005216998423444503,
 0.0005090570792541185,
 0.0005232347901455082,
 0.0005051251302091239,
 0.0005044743147050499,
 0.000516933156940717,
 0.0005001034967626347,
 0.0005111397530906654,
 0.0005051618245791607,
 0.0004959612891562472,
 0.000492587022502174,
 0.0004974175670470599,
 0.0005022071368992173,
 0.0005087555055343071,
 0.0004914102270306507,
 0.0004891697548787392,
 0.0004999979565946081,
 0.0005048696510155369,
 0.00048581443073735154,
 0.0004846467930280512,
 0.0004807360620118693,
 0.00047554343004723945,
 0.000492739769128174,
 0.0004962336435127114,
 0.0005015184401036971,
 0.0004991149553657387,
 0.00047861347780679914,
 0.0004948764132722516,
 0.00047101449858395766,
 0.0004741570744138783,
 0.0005170206617842529,
 0.00047393106133384867,
 0.0004816817054335015,
 0.0004774068586983996,
 0.00048261666562896807,
 0.0004728285062484591,
 0.0004787857897330586,
 0.0004796107460087411,
 0.00047922627510884377,
 0.00048067242208323037,
 0.000497952908586805,
 0.000495110500498353,
 0.00046842005360922816,
 0.0004897439710895606,
 0.0004826735102808476,
 0.0004999389246405795,
 0.0004971168750002892,
 0.0005087973508538813,
 0.0005304942754620402,
 0.00048811229938414163,
 0.00049276699379767,
 0.0005162033462081819,
 0.0005018570985442879,
 0.0005078852329446024,
 0.0005096068505470263,
 0.0005051096138837864,
 0.0005296179241980157,
 0.000512336016624818,
 0.0005380625355283263,
 0.0006004773779993165,
 0.0005583314636159435,
 0.0006165203143376926,
 0.0006263395328175121,
 0.0007236334835286403,
 0.001550541065164845,
 0.000559934366673879,
 0.0005162393194639531,
 0.0005085839567289695,
 0.0005008696430972461,
 0.0004931713276227653,
 0.00047218335604209136,
 0.00047775670444503103,
 0.00046771433042686836,
 0.0004681936763159309,
 0.00046584085985116127,
 0.0004635980077888028,
 0.0004598102487695103,
 0.0004562169034008732,
 0.00045792473441871564,
 0.0004502994980796938,
 0.00045489462005354997,
 0.00045179309390601814,
 0.0004479710933942535,
 0.0004491735171267552,
 0.0004552700419417899,
 0.0004562443969129692,
 0.0004362433085553308,
 0.00044903667390965116,
 0.0004530145094701314,
 0.0004469895224574315,
 0.00045417135426921917,
 0.000447660918111464,
 0.0004459083369359775,
 0.00045317596283133034,
 0.0004425705357934546,
 0.00043615526960493964,
 0.0004400265601048275,
 0.0004371283916029679,
 0.00043988702970636516,
 0.0004362373748817652,
 0.0004397003874426962,
 0.00046491522248851875,
 0.000465281741454917,
 0.00045566949599365085,
 0.0004280396971909385,
 0.00043732021842149936,
 0.0004406044041349469,
 0.00042899192554488855,
 0.00043609370324931737,
 0.0004458748360052971,
 0.0004599532406720279,
 0.0004335119718224723,
 0.00043793636972167525,
 0.0004449924463622267,
 0.0004336084220612469,
 0.00045058125601511024,
 0.000441394415228875,
 0.0004349760137880017,
 0.0004287311233300535,
 0.0004323943142550994,
 0.0004399421693547415,
 0.00044005080105708806,
 0.00044918650185094277,
 0.00045489187748563745,
 0.00045095470219028453,
 0.00045941563155074623,
 0.0004446971784638394,
 0.00044461511908317527,
 0.0004429714859045989,
 0.0004542335087180289,
 0.00048068078887567413,
 0.000442242027716816,
 0.0004589579957906953,
 0.00045226067450856604,
 0.0004491805243037583,
 0.0004731905110551126,
 0.00048736537202824607,
 0.0004924315678470679,
 0.0004888813967641446,
 0.0005024293840047239,
 0.0008643243980162769,
 0.0005021844775753546,
 0.0004431779117475596,
 0.000441779387719364,
 0.0004413634516558123,
 0.0004372617180850427,
 0.0004264247134854061,
 0.0004251170128265902,
 0.00042326958139919164,
 0.00042368168847823604,
 0.0004160634655394257,
 0.0004231956517067339,
 0.000426493068583419,
 0.00041906491269540365,
 0.00041924141548573506,
 0.000414286855778663,
 0.0004163181448951617,
 0.0004174593574616567,
 0.00041444702622546405,
 0.00041962359546706464,
 0.00041575448884656116,
 0.0004184085880961525,
 0.0004142639369470128,
 0.00041688287569184145,
 0.00041309709129655313,
 0.0004173828214895489,
 0.00041405230243425726,
 0.0004143108229097569,
 0.00041471630056054393,
 0.0004164256259262874,
 0.00040918074025650554,
 0.0004139736291012474,
 0.00041328309692600956,
 0.00041326422349093647,
 0.0004071155934639087,
 0.0004149997107577729,
 0.0004131902390342454,
 0.0004197419479764081,
 0.0004318698858890678,
 0.0004251239250996663,
 0.00042484767034737907,
 0.00041438932572685844,
 0.0004182520585373869,
 0.00041577130146619456,
 0.0004108576003890155,
 0.00041566193666990635,
 0.0004200889350922916,
 0.00041824696468578584,
 0.00042668125249137236,
 0.0004221593705229104,
 0.00041450361821508523,
 0.000413566547107352,
 0.00041882861389664066,
 0.0004183198191634238,
 0.0004136686998275027,
 0.0004156147442141519,
 0.00041659202362650724,
 0.00042002943546415685,
 0.00041928470723450617,
 0.00042744569133319716,
 0.0004211570266722518,
 0.0004205652373657385,
 0.00041727888115280446,
 0.00042251058724233773,
 0.0004144525082496849,
 0.0004156984171171566,
 0.00042989477554115696,
 0.00042421900370850414,
 0.00043738444162033934,
 0.00042461333341504314,
 0.0004180341927261271,
 0.00044673292728701,
 0.0004456805055900531,
 0.00044237530861388977,
 0.0004387221740823502,
 0.0004569888300069647]