[0.010360425546810974,
 0.0029081455814858746,
 0.0027499434036320856,
 0.002589934608769808,
 0.0022793392238695666,
 0.002085553727094401,
 0.0020699491999193144,
 0.0019713032994594266,
 0.0019499741116659045,
 0.0020604136980010624,
 0.0020011884772349747,
 0.0019442989562105325,
 0.0020119219085330832,
 0.001877496672256931,
 0.002007562430409586,
 0.002055973484206472,
 0.001807807500523016,
 0.0019592392642626337,
 0.001669660959075225,
 0.001732008192081381,
 0.0017272363803541378,
 0.0018510636438285033,
 0.0018459651446755545,
 0.0017855715352481844,
 0.0018428723738966246,
 0.0017345434614955948,
 0.0019108850464987597,
 0.0018589927591468685,
 0.002311871988061883,
 0.0024434365053457073,
 0.0024384070133857297,
 0.0016833513139052614,
 0.0015381056529829944,
 0.0015111386943369538,
 0.0014861183419188572,
 0.0014768163077060637,
 0.0014707211382920997,
 0.0014541011826144949,
 0.0014565758629929125,
 0.0014487879346854414,
 0.0014875387934080674,
 0.0015007276267783689,
 0.0014948115880435125,
 0.0014331022355045496,
 0.0014605485430618877,
 0.0014800814030274546,
 0.0015160675093752393,
 0.0014382764768050814,
 0.0015060071144602197,
 0.0014699156090396375,
 0.0015946236371032483,
 0.0017965620547645898,
 0.0016761589194419747,
 0.0016806048823394852,
 0.0017229256402931442,
 0.0018815155287615663,
 0.0016142516325796806,
 0.001533225276242186,
 0.0015355139602161066,
 0.0019808919978251084,
 0.002042658955595639,
 0.001426789930421289,
 0.001351705394155582,
 0.0013339156043546817,
 0.0013245958098541677,
 0.0013317863155871117,
 0.0013359460772173687,
 0.0013275035161247671,
 0.0013368147530792914,
 0.0013312111476471908,
 0.0013660311412492818,
 0.0014085120759586291,
 0.0014151116788541412,
 0.0013547616154762827,
 0.0013895645747586326,
 0.0014448524815518942,
 0.0015509039517909273,
 0.001455646414373305,
 0.0015248785390812938,
 0.0015096084949880386,
 0.0015079464062392432,
 0.0019528871470755366,
 0.0018201395028164665,
 0.0017658164388805269,
 0.001855564586315015,
 0.0020051465728354377,
 0.001697761033060585,
 0.0017413000076291708,
 0.0017372067707014847,
 0.0019891660848678065,
 0.002151074055402593,
 0.0014134793530746262,
 0.0013138027951789802,
 0.0012902480803492842,
 0.0012793410014160895,
 0.0012827532522789887,
 0.0012885531729976047,
 0.0012878202123194154,
 0.0012898275834697264,
 0.0012886829161729934,
 0.0013111608887654785,
 0.0013745543284748576,
 0.0013663752490651482,
 0.0013379342987285717,
 0.0013299162758771753,
 0.0013867460209268407,
 0.0014936797398508095,
 0.001419502638765346,
 0.0014714678667085608,
 0.0014331400812353586,
 0.0014220452904552862,
 0.001690937263707404,
 0.0017214575173755302,
 0.0016581729643491965,
 0.001761558027053753,
 0.001855871047496751,
 0.0017218682684275565,
 0.001749880420851092,
 0.0017810125297874806,
 0.001932726956654518,
 0.0020219208297903106,
 0.0015279411929788108,
 0.0013536956362094072,
 0.0013195085909992515,
 0.0013125337657852244,
 0.0013128778504816227,
 0.0013126002892485482,
 0.0013046584203893728,
 0.0013000369806673154,
 0.0012980131531152217,
 0.001307297598967352,
 0.001337278126508416,
 0.0013530979165631406,
 0.0013320198855816497,
 0.0013106221203640013,
 0.0013389323972573094,
 0.001391480911926316,
 0.0013914456272836823,
 0.0014146043581369754,
 0.001395393849239431,
 0.0014008112174995395,
 0.0015158864083239742,
 0.0016143925670426846,
 0.0015904617319507216,
 0.0016174324943442485,
 0.0016327502987613987,
 0.0015782696321376725,
 0.0015660296811437703,
 0.0016003007345471456,
 0.0016669225187061084]
