[0.0011902524588110004,
 0.12455887573346698,
 0.24799014387437615,
 0.3688320908768193,
 0.40205475161310533,
 0.485455950218213,
 0.5497087013719226,
 0.6099730627075112,
 0.6643905698594667,
 0.707051723777903,
 0.7322558416337781,
 0.7726617803670989,
 0.7941698511140345,
 0.7984714652634216,
 0.80955960659024,
 0.8166802397210216,
 0.8269122345423793,
 0.8329261417026874,
 0.8343669736265114,
 0.8357451606840819,
 0.8449121927791351,
 0.8385850612875608,
 0.8425943327277663,
 0.8516778383344819,
 0.855311240577168,
 0.854225396228779,
 0.8522207605086763,
 0.8557288730188561,
 0.8610745682724634,
 0.8539956983858507,
 0.8605525277203533,
 0.8589446428198543,
 0.8573158762972708,
 0.8632044937250726,
 0.8643321013176304,
 0.8660026310843827,
 0.8675896343627973,
 0.8694480987283092,
 0.8688842949320303,
 0.8703460084779385,
 0.8739585290985403,
 0.8770072459228633,
 0.8694689803503937,
 0.8731232642151643,
 0.8778216291841551,
 0.8701789555012633,
 0.8768819561903569,
 0.8739794107206248,
 0.8751070183131826,
 0.8762763891499091,
 0.8812253335839128,
 0.8769863643007789,
 0.8803274238342834,
 0.8822902963102174,
 0.8744388064064816,
 0.8757334669757146,
 0.8722044728434505,
 0.8779678005387459,
 0.8778842740504083,
 0.8733111988139238,
 0.867004948944434,
 0.8736661863893588,
 0.8563344400593038,
 0.8692601641295495,
 0.8668796592119276,
 0.8739167658543716,
 0.8748355572260853,
 0.869698678193322,
 0.8689051765541147,
 0.8651256029568377,
 0.8619724780220928,
 0.8592161039069515,
 0.8524922215957735,
 0.8545386205600451,
 0.8168264110756124,
 0.807179101672618,
 0.45064628620351227,
 0.8333855373885444,
 0.8571905865647643,
 0.8680281484265697,
 0.8725176971747165,
 0.8750443734469293,
 0.8792833427300633,
 0.8802438973459459,
 0.8827288103739899,
 0.8842322871640669,
 0.8842531687861513,
 0.8862786861283385,
 0.8862995677504228,
 0.8883459667146943,
 0.8895571007955898,
 0.8912485121844265,
 0.8920837770678026,
 0.8923134749107311,
 0.8944434003633402,
 0.8937334252124705,
 0.8939004781891458,
 0.8957589425546576,
 0.8964480360834429,
 0.8966777339263714,
 0.8958215874209109,
 0.8976174069201696,
 0.8974921171876631,
 0.8987032512685585,
 0.89795151287352,
 0.8994967529077659,
 0.8994341080415127,
 0.8988494226231494,
 0.8976591701643384,
 0.899037357221909,
 0.8997682139948632,
 0.9009584664536742,
 0.9000605567040447,
 0.9021696005345695,
 0.9036730773246465,
 0.9022322454008227,
 0.9038610119234062,
 0.9052809622251456,
 0.9037774854350686,
 0.905865647643509,
 0.903380734615465,
 0.9052600806030613,
 0.904884211405542,
 0.9049468562717952,
 0.905552423312243,
 0.9051139092484705,
 0.9027542859529328,
 0.9032554448829585,
 0.9047380400509512,
 0.9042577627430098,
 0.9025454697320888,
 0.9029839837958613,
 0.9054271335797365,
 0.9043830524755163,
 0.9055941865564117,
 0.9045501054521915,
 0.903902775167575,
 0.9053436070913988,
 0.9060535822422686,
 0.9046545135626135,
 0.9041533546325878,
 0.9023575351333292,
 0.900645242122408,
 0.9005825972561549,
 0.903589550836309,
 0.900436425901564,
 0.8996429242623567,
 0.9007914134769989,
 0.8957798241767421,
 0.891687026248199,
 0.8755246507548706,
 0.8691348743970432,
 0.7940236797594438,
 0.8853390131345403,
 0.8978679863851824,
 0.9016057967382907,
 0.9020860740462319,
 0.9044874605859383,
 0.9052600806030613,
 0.9055106600680741,
 0.9064294514397878,
 0.9076614671427676,
 0.9079538098519493,
 0.9085384952703126,
 0.9091649439328447,
 0.9088726012236631,
 0.9087264298690723,
 0.9103343147695713,
 0.9099584455720521,
 0.9105013677462466,
 0.9095199315082796,
 0.9105222493683309,
 0.9106057758566686,
 0.9098749190837144,
 0.9105431309904153,
 0.9112739877633694,
 0.9111904612750319,
 0.9112531061412851,
 0.9126312931988557,
 0.9123807137338429,
 0.9127148196871933,
 0.9129027542859529,
 0.9127983461755309,
 0.9128401094196997,
 0.913529202948485,
 0.9158261813777694,
 0.9143853494539456,
 0.9145732840527052,
 0.9139468353901731,
 0.9138841905239199,
 0.9147821002735492,
 0.9132995051055566,
 0.9152206143373217,
 0.9137589007914135,
 0.9138633089018355,
 0.9139259537680887,
 0.9146359289189584,
 0.9133621499718098,
 0.9127357013092777,
 0.9132368602393034,
 0.9141765332331016,
 0.9134039132159786,
 0.913529202948485,
 0.915700891645263,
 0.9157635365115162,
 0.916118524086951,
 0.9147821002735492,
 0.9135500845705694,
 0.9157844181336006,
 0.9149491532502245,
 0.914615047296874,
 0.9143853494539456,
 0.9136753743030759,
 0.9159723527323602,
 0.9157635365115162,
 0.9170164338365804,
 0.9157426548894319,
 0.9148865083839712,
 0.9139885986343419,
 0.9130906888847126,
 0.9136753743030759,
 0.9131950969951346,
 0.9117960283154796,
 0.9130071623963749,
 0.9092693520432668,
 0.9059909373760153,
 0.8967403787926246,
 0.8922090668003091,
 0.874814675604001,
 0.9074317692998393,
 0.9123180688675896,
 0.9137589007914135,
 0.9139885986343419,
 0.9140094802564264,
 0.9144479943201987,
 0.9149700348723089,
 0.9154294305581657,
 0.9163273403077951,
 0.9163482219298795,
 0.9165570381507235,
 0.916222932197373,
 0.9168076176157364,
 0.9171417235690869,
 0.9167449727494832,
 0.9169329073482428,
 0.917976988452463,
 0.9173923030340997,
 0.9176846457432813,
 0.9177472906095345,
 0.9178934619641254,
 0.918394620894151,
 0.918394620894151,
 0.9182484495395602,
 0.9189375430683455,
 0.919062832800852,
 0.918854016580008,
 0.9189166614462612,
 0.9192507673996116,
 0.9195431101087933,
 0.9188122533358392,
 0.9193969387542025,
 0.9191463592891895,
 0.9197101630854685,
 0.9193342938879492,
 0.9195431101087933,
 0.9187078452254172,
 0.9196057549750465,
 0.9198354528179749,
 0.9199607425504813,
 0.9196683998412997,
 0.919689281463384,
 0.9197519263296373,
 0.9196475182192153,
 0.9203992566142538,
 0.920148677149241,
 0.9195013468646245,
 0.9203783749921693,
 0.920044269038819,
 0.920148677149241,
 0.9196475182192153,
 0.9201695587713253,
 0.9207333625676043,
 0.9216103906951492,
 0.920566309590929,
 0.9203783749921693,
 0.9211927582534611,
 0.9204827831025915,
 0.9192925306437804,
 0.9198563344400593,
 0.9215059825847272,
 0.9208377706780263,
 0.92175656204974,
 0.9207333625676043,
 0.9206498360792666,
 0.9203157301259162,
 0.920357493370085,
 0.9200025057946501,
 0.9197936895738061,
 0.919167240911274,
 0.9196266365971308,
 0.9166405646390612,
 0.9166196830169767,
 0.9095199315082796,
 0.9065965044164631,
 0.9068679655035603,
 0.9155338386685877,
 0.9177264089874502,
 0.9187704900916703,
 0.9190419511787675,
 0.9195013468646245,
 0.9199816241725657,
 0.920461901480507,
 0.9208377706780263,
 0.9211509950092923,
 0.9210883501430391,
 0.921025705276786,
 0.9211927582534611,
 0.9212971663638831,
 0.9212971663638831,
 0.9213180479859675,
 0.9214015744743052,
 0.9213180479859675,
 0.9215686274509803,
 0.9214015744743052,
 0.9214851009626428,
 0.9215268642068116,
 0.9215686274509803,
 0.9217774436718245,
 0.9223412474681033,
 0.9228632880202134,
 0.9225500636889473,
 0.9227797615318758,
 0.9228215247760446,
 0.9233018020839859,
 0.9231138674852263,
 0.9230094593748043,
 0.9231556307293951,
 0.9235106183048299,
 0.9231347491073106,
 0.9233435653281546,
 0.9224456555785253,
 0.9224874188226941,
 0.9224665372006098,
 0.9224665372006098,
 0.9231138674852263,
 0.9223412474681033,
 0.9222994842239345,
 0.9228632880202134,
 0.9233226837060703,
 0.9231765123514795,
 0.9228215247760446,
 0.922424773956441,
 0.9228632880202134,
 0.9229050512643823,
 0.9223621290901878,
 0.9224456555785253,
 0.9224665372006098,
 0.9228215247760446,
 0.9233018020839859,
 0.9231556307293951,
 0.9234270918164923,
 0.9238656058802648,
 0.9230721042410575,
 0.9232182755956483,
 0.9232809204619015,
 0.9234479734385768,
 0.9237403161477583,
 0.9238656058802648,
 0.923719434525674,
 0.9229050512643823,
 0.922424773956441,
 0.923051222618973,
 0.9237820793919271,
 0.9233853285723235,
 0.9219027334043308,
 0.9220071415147528,
 0.9214851009626428,
 0.9209839420326171,
 0.915805299755685,
 0.9146985737852117]
