[0.03972623986971189,
 0.8332040792585986,
 0.8332040792585986,
 0.8332040792585986,
 0.8332040792585986,
 0.8332040792585986,
 0.8332040792585986,
 0.8332040792585986,
 0.8332040792585986,
 0.8332040792585986,
 0.8332040792585986,
 0.8332040792585986,
 0.8332040792585986,
 0.8332040792585986,
 0.8332040792585986,
 0.8332040792585986,
 0.8332040792585986,
 0.8332040792585986,
 0.8055178564504246,
 0.8332040792585986,
 0.8332040792585986,
 0.8332040792585986,
 0.8055178564504246,
 0.8332040792585986,
 0.814029237271705,
 0.8302958625770678,
 0.830140757687386,
 0.8221528558687813,
 0.8340765442630579,
 0.8332040792585986,
 0.8332040792585986,
 0.8363255651634418,
 0.8613362286246073,
 0.8563534840435845,
 0.8767303889255109,
 0.8776610182636008,
 0.8816161929504828,
 0.8701384311140409,
 0.8825468222885726,
 0.8851448291907402,
 0.8806661755011826,
 0.8763038504788864,
 0.8843305285199116,
 0.8827213152894645,
 0.8834580635154523,
 0.8661250920935283,
 0.8786110357129009,
 0.856314707821164,
 0.884834619411377,
 0.8793090077164682,
 0.8808988328357051,
 0.8627709488541626,
 0.8731242002404126,
 0.8727752142386289,
 0.8544340610337741,
 0.8469696382178448,
 0.864031176082826,
 0.8606576447322501,
 0.858660669277599,
 0.8557330644848579,
 0.8650393578657567,
 0.8839621544069177,
 0.8845244096320136,
 0.883710108961185,
 0.8823335530652604,
 0.883710108961185,
 0.8849897243010586,
 0.8858621893055179,
 0.8874907906471752,
 0.8926868044515104,
 0.8930745666757145,
 0.8922408778936756,
 0.8889448989879406,
 0.8921633254488348,
 0.8873744619799139,
 0.8865019969754546,
 0.8647679243088139,
 0.8886153010973671,
 0.8873162976462833,
 0.8856295319709954,
 0.8852417697467913,
 0.8757222071425802,
 0.8767691651479312,
 0.882585598510993,
 0.8615688859591298,
 0.8629260537438442,
 0.8642444453061383,
 0.8599984489511032,
 0.867133273876459,
 0.8667067354298345,
 0.8732405289076738,
 0.8856101438597852,
 0.8929000736748226,
 0.8931327310093451,
 0.8932684477878166,
 0.8930164023420838,
 0.8939276435689635,
 0.894160300903486,
 0.8950909302415758,
 0.8954980805769902,
 0.8951684826864167,
 0.8948970491294738,
 0.896234828802978,
 0.8979215944782659,
 0.8945092869052697,
 0.8954786924657799,
 0.882953972623987,
 0.8852417697467913,
 0.8805304587227112,
 0.8891193919888325,
 0.8880724339834813,
 0.8678700221024468,
 0.8832060180697197,
 0.8872775214238628,
 0.8767497770367211,
 0.8817906859513747,
 0.8821396719531583,
 0.8792896196052581,
 0.8787079762689519,
 0.8802008608321378,
 0.8814804761720113,
 0.8865601613090852,
 0.8915816821125286,
 0.8931715072317655,
 0.8894296017681957,
 0.8927061925627205,
 0.8941796890146961,
 0.8957307379115127,
 0.8965644266935515,
 0.8974950560316414,
 0.8970103532513862,
 0.8948001085734227,
 0.8975919965876924,
 0.8995695839311334,
 0.8998410174880763,
 0.897844042033425,
 0.8941990771259064,
 0.8940827484586451,
 0.8929194617860328,
 0.8971848462522781,
 0.8971266819186475,
 0.8916010702237388,
 0.8884601962076855,
 0.8892163325448835,
 0.8786110357129009,
 0.8841366474078095,
 0.8890030633215712,
 0.8910194268874326,
 0.8889255108767304,
 0.8908449338865407]