[362.7677811384201,
 142.3449730873108,
 141.69746273756027,
 141.27128636837006,
 142.38404846191406,
 139.99067655205727,
 141.83352422714233,
 140.01364490389824,
 139.81795474886894,
 143.06116957962513,
 139.87347066402435,
 140.14692652225494,
 140.1458368897438,
 137.98701067268848,
 139.40947990119457,
 141.3905926346779,
 135.8768274784088,
 142.79538272321224,
 139.71146842837334,
 145.38534879684448,
 137.10937345027924,
 146.1688161045313,
 164.04949790239334,
 146.43538622558117,
 160.1887591779232,
 124.82431451976299,
 140.28380399942398,
 143.15164324641228,
 156.0742158293724,
 218.53984855860472,
 188.77367789298296,
 94.65991677716374,
 84.53456849232316,
 82.6560570821166,
 79.81847418472171,
 78.86018911004066,
 78.62817625328898,
 79.70466070249677,
 77.0196232534945,
 77.052958201617,
 78.27824562042952,
 82.03745576366782,
 77.62811747938395,
 75.19709611684084,
 78.31064865738153,
 81.17421055585146,
 79.6590188369155,
 85.25522942095995,
 78.02709647268057,
 80.421929910779,
 80.23249641060829,
 94.12446878477931,
 79.67794337123632,
 74.76728454977274,
 89.7068744674325,
 103.27268946170807,
 99.5759411752224,
 97.43241860345006,
 88.33371488377452,
 99.51002489682287,
 85.42405321449041,
 77.24954691529274,
 72.16705704852939,
 71.5102375112474,
 70.69478548318148,
 69.80695907771587,
 69.42225001379848,
 69.44388432055712,
 68.61173302307725,
 68.25087085366249,
 68.45877702534199,
 69.5699903331697,
 72.51159815117717,
 71.25468005985022,
 74.431725718081,
 72.46803699433804,
 78.83604292571545,
 76.63955978304148,
 78.22835595160723,
 80.91907135397196,
 80.50599258393049,
 84.22145392000675,
 75.99325662106276,
 70.45854780822992,
 78.31729767471552,
 85.65287022292614,
 84.73905140161514,
 96.2221164740622,
 78.76855887845159,
 85.28682898450643,
 76.65620833449066,
 68.31481096334755,
 66.44049814715981,
 65.47040103748441,
 64.85191083326936,
 64.37284861505032,
 63.839536748826504,
 63.4883528649807,
 62.93794817849994,
 62.38760683685541,
 62.126583106815815,
 62.9378290399909,
 61.74218711256981,
 62.22966445982456,
 64.00269453600049,
 64.57860678061843,
 67.15123504772782,
 69.5811717659235,
 70.60716211050749,
 69.02737303450704,
 70.37847931683064,
 72.13149906694889,
 62.76392111182213,
 61.45836026221514,
 63.280383974313736,
 62.522964522242546,
 63.215337827801704,
 68.81757881119847,
 69.10374195501208,
 66.1143459789455,
 65.29162506572902,
 60.3717159088701,
 57.85286879166961,
 57.10812343098223,
 57.216722920536995,
 56.812581177800894,
 56.49899444170296,
 56.129333117976785,
 55.82381076738238,
 55.48801822215319,
 55.33328511565924,
 55.838948745280504,
 54.57030030712485,
 53.95560844056308,
 54.30595451965928,
 54.57049878500402,
 54.629760479554534,
 54.813141725957394,
 54.82713393121958,
 54.61789101548493,
 55.083079025149345,
 55.571560841053724,
 56.32908445224166,
 55.85947458073497,
 57.34535984322429,
 56.463827054947615,
 54.87013540416956,
 54.507290195673704,
 55.86987437680364,
 55.04017247632146]