[384.9398727416992,
 300.87863421440125,
 280.64096188545227,
 231.79649591445923,
 200.96212232112885,
 176.91187489032745,
 151.1885393857956,
 131.16050243377686,
 113.74783372879028,
 101.38094353675842,
 94.53676438331604,
 82.21227639913559,
 76.36646246910095,
 73.31167989969254,
 66.86335018277168,
 64.01404184103012,
 60.569571286439896,
 58.56506669521332,
 57.46959847211838,
 56.68695765733719,
 53.83923801779747,
 55.13776797056198,
 53.57157450914383,
 51.45262864232063,
 49.87431272864342,
 49.868654668331146,
 50.03562557697296,
 49.25464579463005,
 47.28230318427086,
 49.00619241595268,
 47.48346412181854,
 47.19447261095047,
 47.898288667201996,
 45.46086946129799,
 45.421768337488174,
 44.59768310189247,
 43.76261818408966,
 43.54804861545563,
 43.48498651385307,
 43.35581636428833,
 42.39230930805206,
 41.849159479141235,
 43.993591874837875,
 42.348352909088135,
 40.78145495057106,
 43.225077629089355,
 41.34401148557663,
 41.86490076780319,
 41.4108852148056,
 41.15428254008293,
 39.20289966464043,
 41.195524513721466,
 39.38143011927605,
 39.15313830971718,
 41.477488189935684,
 40.77327936887741,
 40.71634939312935,
 40.310668617486954,
 40.09283137321472,
 41.39255294203758,
 42.241868048906326,
 41.720072239637375,
 47.19345763325691,
 42.30037471652031,
 42.59110516309738,
 41.18290972709656,
 40.88586515188217,
 41.44181102514267,
 41.569007605314255,
 43.23998084664345,
 44.38279467821121,
 45.87935119867325,
 47.30543980002403,
 46.58504191040993,
 58.68927463889122,
 61.176067531108856,
 191.40788412094116,
 57.33953759074211,
 48.025381207466125,
 43.94572106003761,
 41.94259026646614,
 40.91330072283745,
 39.66556829214096,
 39.09408861398697,
 38.6279179751873,
 38.28728076815605,
 38.00964820384979,
 37.549249202013016,
 37.30827325582504,
 36.75544601678848,
 36.05668371915817,
 35.669407695531845,
 35.498078390955925,
 35.29533037543297,
 34.96227368712425,
 34.81962391734123,
 34.7233896702528,
 34.34104900062084,
 33.944650769233704,
 33.7743594199419,
 33.9926103502512,
 33.530504912137985,
 33.62233005464077,
 33.0135235786438,
 33.15104664862156,
 33.007887214422226,
 33.07970671355724,
 33.407329350709915,
 33.204375460743904,
 33.03574465215206,
 32.69491508603096,
 32.18160466849804,
 32.70106756687164,
 31.98277436196804,
 31.67416262626648,
 31.831860303878784,
 31.79099540412426,
 31.692217111587524,
 31.86866357922554,
 31.107671827077866,
 31.641463235020638,
 31.40149725973606,
 31.457309633493423,
 31.253456935286522,
 31.217786610126495,
 31.325341746211052,
 31.7420517206192,
 31.714283153414726,
 31.115064531564713,
 31.067523062229156,
 31.564127668738365,
 31.097561180591583,
 30.842603877186775,
 30.717301428318024,
 30.866920858621597,
 31.207373902201653,
 31.088469058275223,
 30.962274700403214,
 30.80752342939377,
 30.961405381560326,
 30.85597911477089,
 30.987355664372444,
 31.93852400779724,
 32.09963485598564,
 30.910713896155357,
 31.493016973137856,
 31.77642062306404,
 31.96805712580681,
 33.410140573978424,
 34.597082674503326,
 38.71063235402107,
 40.14904406666756,
 65.0316624045372,
 36.890534698963165,
 33.19595159590244,
 31.98277820646763,
 31.353731155395508,
 31.016137167811394,
 30.60392214357853,
 30.38876561820507,
 30.363511756062508,
 29.967680916190147,
 29.764692828059196,
 29.71004529297352,
 29.729324385523796,
 29.635173931717873,
 29.497004941105843,
 29.28697007894516,
 29.285057485103607,
 29.044104859232903,
 29.139189779758453,
 29.13463968038559,
 28.901669159531593,
 29.101686224341393,
 28.79721949994564,
 28.68941916525364,
 28.763826072216034,
 28.666841998696327,
 28.471344009041786,
 28.378857612609863,
 28.432046249508858,
 28.19310235977173,
 28.48975232243538,
 28.505580097436905,
 28.253598645329475,
 27.913873463869095,
 27.89130374789238,
 28.07361327111721,
 27.982393324375153,
 28.078806445002556,
 27.846374198794365,
 28.003216296434402,
 27.720410838723183,
 27.99297797679901,
 27.682412981987,
 27.734628409147263,
 27.45983211696148,
 27.766172662377357,
 27.772462144494057,
 27.630665317177773,
 27.535971730947495,
 27.625316128134727,
 27.47792835533619,
 27.182117834687233,
 27.375173464417458,
 27.03170183300972,
 27.266487270593643,
 27.677122801542282,
 27.077347978949547,
 27.36968430876732,
 27.51947943866253,
 27.39314167201519,
 27.563262045383453,
 27.15577533841133,
 27.254780799150467,
 26.87883549928665,
 27.12377640604973,
 27.0655916929245,
 27.832359477877617,
 27.71005541086197,
 27.70036455988884,
 27.967502608895302,
 27.75168377161026,
 27.853319346904755,
 29.05258122086525,
 29.575040385127068,
 32.589604288339615,
 33.32143892347813,
 38.39708513021469,
 30.03176513314247,
 28.34728965163231,
 27.990289241075516,
 27.602226182818413,
 27.486204281449318,
 27.344250947237015,
 27.193800911307335,
 27.208047226071358,
 26.95138919353485,
 26.800393670797348,
 26.78575411438942,
 26.700738072395325,
 26.62786091864109,
 26.529376357793808,
 26.452981919050217,
 26.465239495038986,
 26.375223264098167,
 26.354168623685837,
 26.399193078279495,
 26.39392577111721,
 26.399234622716904,
 26.195231169462204,
 26.134216114878654,
 26.210648387670517,
 26.173990339040756,
 26.10648250579834,
 26.073259010910988,
 26.064308166503906,
 26.119512677192688,
 25.940399900078773,
 26.050632029771805,
 25.871584177017212,
 25.90202322602272,
 25.763964906334877,
 25.808446899056435,
 25.782154336571693,
 25.927273720502853,
 25.79206518828869,
 25.745434165000916,
 25.840480402112007,
 26.015184611082077,
 25.89712066948414,
 25.694591864943504,
 25.658114343881607,
 25.63243667781353,
 25.629121333360672,
 25.613838955760002,
 25.642989814281464,
 25.598452240228653,
 25.609497383236885,
 25.63745529949665,
 25.721826642751694,
 25.467477068305016,
 25.345834985375404,
 25.463672161102295,
 25.43572734296322,
 25.307530969381332,
 25.513985514640808,
 25.540297582745552,
 25.713485658168793,
 25.482433184981346,
 25.457595452666283,
 25.252603575587273,
 25.28274266421795,
 25.325181663036346,
 25.53550598025322,
 25.56250123679638,
 25.5949354916811,
 25.620797142386436,
 25.591479510068893,
 25.60384012758732,
 26.411287754774094,
 26.45426745712757,
 28.502397939562798,
 28.266630232334137,
 29.134309723973274,
 26.874074175953865,
 26.159929797053337,
 25.894055262207985,
 25.73049521446228,
 25.63401308655739,
 25.531888782978058,
 25.44195805490017,
 25.424109026789665,
 25.314276814460754,
 25.26768782734871,
 25.251021295785904,
 25.218591764569283,
 25.239680230617523,
 25.18842327594757,
 25.150960385799408,
 25.07535082101822,
 25.1179691106081,
 25.027591288089752,
 25.07218347489834,
 25.060794696211815,
 25.069495022296906,
 24.952181816101074,
 24.95317406952381,
 24.929446145892143,
 24.93058069050312,
 24.825525492429733,
 24.784300610423088,
 24.790291219949722,
 24.87410095334053,
 24.79635027050972,
 24.811672165989876,
 24.73467555642128,
 24.73858207464218,
 24.760873392224312,
 24.71901461482048,
 24.78036342561245,
 24.924053475260735,
 24.82223354279995,
 24.778580024838448,
 24.830085679888725,
 24.87849561870098,
 24.84508852660656,
 24.71240682899952,
 24.60690739750862,
 24.649128541350365,
 24.76534305512905,
 24.726620003581047,
 24.734875351190567,
 24.639685437083244,
 24.64842964708805,
 24.650645896792412,
 24.68150682747364,
 24.57058058679104,
 24.469871371984482,
 24.580577328801155,
 24.556924656033516,
 24.565679877996445,
 24.542739495635033,
 24.49707555770874,
 24.627859607338905,
 24.5541562885046,
 24.42419084906578,
 24.398032665252686,
 24.358135923743248,
 24.440883189439774,
 24.50517049431801,
 24.538733780384064,
 24.37885284423828,
 24.41404451429844,
 24.6435998827219,
 24.68879871070385,
 24.95225529372692,
 25.136758133769035,
 26.566025733947754,
 26.37321662902832]
